0  0  100
0  0.1  100
0  0.2  100
0  0.3  100
0  0.4  100
0  0.5  100
0  0.6  100
0  0.7  100
0  0.8  100
0  0.9  100
0  1  100

0.1  0  0
0.1  0.1  25
0.1  0.2  31.25
0.1  0.3  32.8125
0.1  0.4  33.2031
0.1  0.5  33.3008
0.1  0.6  33.3252
0.1  0.7  33.3313
0.1  0.8  33.3328
0.1  0.9  33.3332
0.1  1  0

0.2  0  0
0.2  0.1  6.25
0.2  0.2  9.375
0.2  0.3  10.5469
0.2  0.4  10.9375
0.2  0.5  11.0596
0.2  0.6  11.0962
0.2  0.7  11.1069
0.2  0.8  11.1099
0.2  0.9  11.1108
0.2  1  0

0.3  0  0
0.3  0.1  1.5625
0.3  0.2  2.73438
0.3  0.3  3.32031
0.3  0.4  3.56445
0.3  0.5  3.65601
0.3  0.6  3.68805
0.3  0.7  3.69873
0.3  0.8  3.70216
0.3  0.9  3.70324
0.3  1  0

0.4  0  0
0.4  0.1  0.390625
0.4  0.2  0.78125
0.4  0.3  1.02539
0.4  0.4  1.14746
0.4  0.5  1.20087
0.4  0.6  1.22223
0.4  0.7  1.23024
0.4  0.8  1.2331
0.4  0.9  1.23408
0.4  1  0

0.5  0  0
0.5  0.1  0.0976562
0.5  0.2  0.219727
0.5  0.3  0.311279
0.5  0.4  0.364685
0.5  0.5  0.391388
0.5  0.6  0.403404
0.5  0.7  0.408411
0.5  0.8  0.410378
0.5  0.9  0.411116
0.5  1  0

0.6  0  0
0.6  0.1  0.0244141
0.6  0.2  0.0610352
0.6  0.3  0.0930786
0.6  0.4  0.114441
0.6  0.5  0.126457
0.6  0.6  0.132465
0.6  0.7  0.135219
0.6  0.8  0.136399
0.6  0.9  0.136879
0.6  1  0

0.7  0  0
0.7  0.1  0.00610352
0.7  0.2  0.0167847
0.7  0.3  0.0274658
0.7  0.4  0.0354767
0.7  0.5  0.0404835
0.7  0.6  0.0432372
0.7  0.7  0.0446141
0.7  0.8  0.0452533
0.7  0.9  0.045533
0.7  1  0

0.8  0  0
0.8  0.1  0.00152588
0.8  0.2  0.00457764
0.8  0.3  0.00801086
0.8  0.4  0.0108719
0.8  0.5  0.0128388
0.8  0.6  0.014019
0.8  0.7  0.0146583
0.8  0.8  0.0149779
0.8  0.9  0.0151277
0.8  1  0

0.9  0  0
0.9  0.1  0
0.9  0.2  0
0.9  0.3  0
0.9  0.4  0
0.9  0.5  0
0.9  0.6  0
0.9  0.7  0
0.9  0.8  0
0.9  0.9  0
0.9  1  0

